Moscow
Latitude: 55.7522200	
Longitude: 37.6155600